Here only diffs which contain only modifications of single file, no deletions and additions of files. (mmm == 1 and ppp == 1 and deleted file mode == 0 and new file mode == 0)
before: 3000, after: 2429, after / before: 0.8096666666666666
before: 26208, after: 20805, after / before: 0.793841575091575
before: 3000, after: 2321, after / before: 0.7736666666666666
before: 32208, after: 25555, after / before: 0.7934364133134625
